'''
[[1.        0.79163015 0.85389376 0.06049859 0.10582804 0.1281573 0.04583669 0.05766477 0.04021838 0.2124476  0.14124218 0.29308213]
[0.79163015 1.         0.94370735 0.15711392 0.23518304 0.34483353 0.05885031 0.04934423 0.04500889 0.09783759 0.05086871 0.13241978]
[0.85389376 0.94370735 1.         0.15500031 0.25489441 0.28933659 0.08527637 0.07947404 0.069339   0.16475275 0.07347872 0.21512905]
[0.06049859 0.15711392 0.15500031 1.         0.91422309 0.74370001 0.35730354 0.16758737 0.25166177 0.03926874 0.011599   0.03436803]
[0.10582804 0.23518304 0.25489441 0.91422309 1.         0.71224386 0.41235884 0.21623509 0.30368873 0.06928963 0.01706318 0.06344236]
[0.1281573  0.34483353 0.28933659 0.74370001 0.71224386 1.         0.12731677 0.05803945 0.08175267 0.02666385 0.01013988 0.02848961]
[0.04583669 0.05885031 0.08527637 0.35730354 0.41235884 0.12731677 1.         0.83569838 0.97334795 0.17834569 0.04759873 0.12829497]
[0.05766477 0.04934423 0.07947404 0.16758737 0.21623509 0.05803945 0.83569838 1.         0.91318595 0.37237287 0.13042862 0.27162029]
[0.04021838 0.04500889 0.069339   0.25166177 0.30368873 0.08175267 0.97334795 0.91318595 1.         0.20732795 0.0563298  0.1459656 ]
[0.2124476  0.09783759 0.16475275 0.03926874 0.06928963 0.02666385 0.17834569 0.37237287 0.20732795 1.         0.62232075 0.96451081]
[0.14124218 0.05086871 0.07347872 0.011599   0.01706318 0.01013988 0.04759873 0.13042862 0.0563298  0.62232075 1.         0.6356913 ]
[0.29308213 0.13241978 0.21512905 0.03436803 0.06344236 0.02848961 0.12829497 0.27162029 0.1459656  0.96451081 0.6356913  1.        ]]
'''